`tsoi` <-
structure(c(-1.79203, -0.639339, -0.730182, -0.335854, 0.423984, 
0.577498, -0.0920727, 0.302162, 0.931023, 0.803524, -0.474508, 
1.67999, 1.17891, 1.25719, 0.39195, 1.09944, 0.272037, -0.670777, 
0.273203, 0.68936, 0.604705, 0.877557, 0.313039, -1.14776, -1.19639, 
0.422416, 0.59651, -0.340239, -0.0192064, -0.344459, -0.840161, 
0.29828, 0.335384, -0.944938, -0.704872, 0.422444, 0.600303, 
0.735581, 1.43128, -0.466382, 0.0329042, 0.577498, 0.373541, 
1.08971, 0.966098, 0.221038, -0.365401, 0.788222, -0.452684, 
0.435067, -0.273337, -0.657788, -0.867633, -0.79692, -0.979457, 
-0.489268, -1.67464, -1.3146, -0.173995, -0.773721, -0.726389, 
-0.704603, 1.2881, -0.301281, -1.02835, 0.155728, 0.952145, 0.606559, 
1.27488, -0.257729, 0.826379, 0.570509, -0.474103, -0.500043, 
-0.578235, 0.259785, 0.3373, -0.42726, 0.0642589, -0.54188, -0.782867, 
0.581929, 0.343228, -0.756183, -1.06148, 0.113133, 0.535129, 
0.177486, -0.43271, -0.979558, -0.166105, -0.489268, 0.243814, 
0.490359, -0.639609, 0.831062, 0.521384, 2.14457, 1.98408, 1.24701, 
0.624159, 2.03033, 2.07866, 1.1462, 0.761538, 1.71721, 1.07816, 
2.7539, 1.65717, 0.678584, -0.735069, -0.571104, -0.985007, -0.231971, 
-1.3277, -0.628564, -1.22656, -1.33214, -0.878741, -0.899362, 
-1.21831, -1.06111, 0.105092, -0.466382, 0.641697, 0.542925, 
0.486531, -0.328552, -0.199878, 0.233689, -0.0439694, -1.50866, 
0.226259, -0.921814, -0.756489, -0.00565375, -2.1724, -0.240238, 
-0.0613821, -1.81208, -1.39166, -0.118433, -0.295753, -0.608118, 
0.595417, -0.660759, -0.247533, 0.463843, 0.30661, -0.249007, 
0.329698, 0.876382, 0.248198, 0.138237, 0.213203, 1.54069, -0.691314, 
1.79195, 0.165469, -0.397235, 0.928555, 1.12541, 1.73481, 1.31569, 
1.57489, 1.57792, 1.45271, 1.13208, 1.3742, 1.50947, 1.02266, 
0.816467, 1.37225, 0.881895, 1.12551, 0.993756, 0.095749, 1.92177, 
0.195665, 1.10965, 0.600303, -0.439164, -0.308412, 0.0859161, 
-0.96747, -0.174974, 0.155829, -0.950497, -1.00446, -0.0877426, 
-1.12664, -0.429865, -2.31414, -0.995846, -0.229995, 0.124873, 
-0.898324, -0.0839065, 0.19917, 0.671822, -0.356712, -0.366836, 
-0.504697, -0.860404, -1.30988, -1.96991, 0.892137, 0.320664, 
0.254499, -0.553403, -0.470501, -0.567685, 0.0524072, 0.390523, 
1.00025, 0.935785, -0.0523331, -0.295484, 0.574588, 0.629445, 
0.432753, -0.240238, 0.464609, 0.580754, 0.708926, -0.122818, 
0.65251, 0.788222, -0.474103, 0.800845, -2.5181, 0.790663, 0.159047, 
-0.287964, 0.164597, -0.0455756, 0.191703, -0.592816, 0.678817, 
1.55823, 2.17051, -0.525848, -0.216842, 0.225212, 0.96363, 0.31206, 
-0.0662683, 0.428807, 0.609089, 1.01247, 0.373919, -0.0514365, 
1.03523, 0.348886, 0.752841, 0.442423, 0.254499, -0.788151, -0.139799, 
-0.402584, -0.56077, -1.4232, -0.900161, -1.4127, -0.604631, 
-0.147419, 0.835642, 1.18224, 0.128356, 0.521003, 0.577599, 1.35076, 
1.42683, 1.32563, 0.0953266, -0.495129, -0.709354, 0.0566386, 
0.304765, -0.940262, 0.0241354, -1.01852, -2.27107, -1.19401, 
-1.44815, -1.21864, -2.11825, 0.0484002, -1.70534, -0.678297, 
-1.77002, -0.544798, -0.641152, 0.121155, -0.166105, 0.263205, 
-0.199878, -0.292302, -0.1175, -0.625656, 1.90946, 1.61858, 0.779148, 
-0.122526, -0.236919, 0.477662, 0.151444, 0.528644, 0.61836, 
-0.114049, -0.448202, -0.812678, 0.364551, 1.07017, -0.482281, 
-0.161985, 1.13311, 0.860475, 0.734433, -0.123992, -0.321637, 
-0.301071, -0.404359, 0.209618, -1.9104, -1.08742, 0.109476, 
-0.631482, -0.497973, -0.100942, -0.727171, -0.550147, -1.1876, 
-1.26249, -0.108731, 0.322608, -1.47448, -1.57883, 0.122127, 
-0.344623, 0.137125, 0.71241, -0.518227, 0.297778, 1.28315, 0.903361, 
1.90079, 2.07984, 0.243294, 1.95755, 2.15795, 1.78227, 0.776608, 
0.173265, 0.138291, 1.39411, 1.70103, 1.78248, 0.634973, 0.139468, 
0.373822, 0.939639, 0.165469, -0.322701, -2.01557, -1.01025, 
-1.82788, -0.928576, -1.50026, -1.149, -0.343479, -1.52131, -0.474103, 
-1.92219, 0.000368647, -0.131797, 0.272037, 0.868741, 0.590752, 
1.12428, 1.46628, 0.938436, 2.94012, 2.06719, 2.64439, 2.01843, 
2.26656, 0.903652, 0.933442, 0.146959, 1.19128, 0.563217, 1.31822, 
0.812293, -0.235376, 0.0873576, -0.835496, 0.626976, 1.27057, 
1.12086, 0.515554, 1.14733, 2.06551, 1.96394, 2.40578, 1.75617, 
1.28322, 2.34966, 1.45261, 1.60543, 1.42251, 0.168717, 0.259386, 
-0.0444472, -1.22297, -1.24174, -1.33516, 0.238074, 0.869721, 
-0.547741, -0.605133, 0.896297, -1.20895, -0.645137, -0.815523, 
-1.4364, -1.44507, -1.26366, -0.943583, -1.35794, -1.44419, -1.32602, 
-0.434644, -3.46221, -0.690723, -0.540414, 1.38102, 0.351017, 
0.477261, 0.0976028, 0.104518, -0.644926, -0.226105, -0.181964, 
-0.661627, 0.822766, -0.434555, -0.362161, 0.354838, 0.416782, 
1.38218, -0.558916, 0.174166, -0.305455, -0.504697, -0.916899, 
0.312942, 0.0132968, -1.11788, -0.949533, -0.22815, -0.370765, 
-0.157336, 0.0981047, -0.49989, -0.253345, -0.37417, -0.186348, 
0.212604, -0.57846, -1.97846, -0.353392, 0.715729, 0.890663, 
0.8255, 0.445843, 0.622242, -0.627389, 0.182512, 0.54032, 1.18768, 
-0.0212762, 0.13528, -0.279359, -0.593426, -1.54939, -1.86246, 
-2.39018, -2.19186, -2.13233, -3.09282, -2.70921, -4.14978, -4.57557, 
-3.34022, -0.866732, 0.507287, -0.33569, -0.692096, -0.132259, 
1.10539, 0.390523, -0.0868093, -0.068472, 0.0392367, 0.622089, 
-0.817368, 0.24275, 0.0241354, -0.731656, 0.103718, 0.110756, 
0.239429, -0.553357, 0.156708, -0.348068, -0.587093, 1.08332, 
0.204426, 0.742435, 0.210656, -0.823226, -0.205062, 0.706897, 
0.0348698, -0.644926, -0.20907, 0.218387, 0.912966, -1.65725, 
0.0442123, 0.142411, -0.476052, 0.738214, 0.216708, -0.876967, 
-0.521812, 0.538587, -1.40962, -1.71271, -0.939718, -1.83112, 
-1.94338, -1.7843, -1.67222, -1.64973, -1.78404, -1.42876, -1.11745, 
-0.623005, 0.00864303, -0.686535, -0.256391, -0.817593, 0.169853, 
-0.018305, 0.859409, -0.113593, 1.1304, 1.42918, 2.14911, 1.43862, 
1.96605, 1.28402, 1.66156, 1.07944, 0.713884, 1.56894, 1.2203, 
0.556078, 0.903917, -0.689443, 0.631011, 0.690535, -0.26118, 
-0.577428, -0.230586, -2.36976, -1.06965, 0.0294212, 1.16381, 
0.016432, 0.543026, -0.550147, -0.734639, -0.157391, -0.569961, 
-0.364601, 0.591534, -0.0431981, -1.2781, -0.940764, -1.41116, 
-0.466218, -0.0833039, -0.854543, -1.71359, -1.41055, -0.721908, 
-2.22217, -3.41873, -1.36112, -2.86584, -1.34938, 0.089399, -1.08867, 
-0.61368, 0.0717985, 0.0869803, -1.86301, -0.748214, -0.773721, 
-1.21393, -1.22233, -0.990735, -1.52763, -0.571504, -1.3536, 
-1.05787, -1.39369, -0.730254, -1.50162, -0.0522362, 0.126817, 
-0.304619, -0.0431981, -1.28248, -1.68447, -0.980623, -0.875337, 
-1.6842, -1.72877, -1.77009, -1.506, -0.735061, -1.4692, -0.617784, 
-0.443047, -0.0473575, -1.01918, -0.671843, -0.153053, 0.408114, 
0.0240724, 0.38311, -0.210003, 0.0695223, -0.764952, 1.02207, 
0.00891245, 0.653005, 0.655751, 0.202891, 1.06065, 0.6604, 0.389348, 
0.700157, 0.364216, -0.0785424, 0.783336, 0.504851, 1.64439, 
-1.0565, -1.11413, -1.76817, -1.9059, -0.892272, -1.98106, -1.52168, 
-1.71006, -1.31755, -1.17357, -3.32378, -2.62205, -3.40987, -1.86711, 
0.106937, 0.786442, 1.31742, 1.04637, 1.27926, 1.06896, 1.1785, 
1.51439, 1.96595, 0.792076, 0.931095, 1.42138, 0.133243, -0.0834046
), .Tsp = c(1, 690, 1), class = "ts")
